1600351896421 0.9058333039283752 0
1600351897333 0.954633355140686 1
1600351898261 0.9668499827384949 2
1600351899192 0.9732499718666077 3
1600351900107 0.9774333238601685 4
1600351901019 0.9799833297729492 5
1600351902206 0.9830333590507507 6
1600351903109 0.984666645526886 7
1600351903971 0.9859833121299744 8
1600351904828 0.9878333210945129 9
1600351905685 0.9890499711036682 10
1600351906544 0.989716649055481 11
1600351907400 0.9912333488464355 12
1600351908269 0.991683304309845 13
1600351909160 0.9924166798591614 14
1600351910069 0.9928666949272156 15
