1600351896420 0.3243313431739807 0
1600351897332 0.15546815097332 1
1600351898260 0.11423848569393158 2
1600351899190 0.09261908382177353 3
1600351900105 0.0777338370680809 4
1600351901018 0.0674658939242363 5
1600351902203 0.0586167648434639 6
1600351903108 0.05249554291367531 7
1600351903970 0.04779858887195587 8
1600351904827 0.04241842031478882 9
1600351905684 0.03807852044701576 10
1600351906543 0.03494354337453842 11
1600351907399 0.031380485743284225 12
1600351908268 0.029407331719994545 13
1600351909159 0.026077689602971077 14
1600351910067 0.02517799474298954 15
